 110.0  25.040000   1.809000   1.060000   0.586900   0.188700   0.047700   0.004340   0.744000   0.079500   0.001950   0.000391
 110.5  24.820000   1.799000   1.045000   0.578800   0.186300   0.050900   0.004670   0.740000   0.079100   0.001970   0.000418
 111.0  24.600000   1.791000   1.030000   0.570800   0.184000   0.054000   0.005000   0.737000   0.078900   0.001980   0.000447
 111.5  24.390000   1.784000   1.015000   0.562900   0.181600   0.057500   0.005380   0.733000   0.078600   0.002000   0.000476
 112.0  24.180000   1.780000   0.999800   0.555200   0.179300   0.061000   0.005760   0.729000   0.078200   0.002020   0.000507
 112.5  23.970000   1.771000   0.985200   0.547600   0.177100   0.064700   0.006170   0.725000   0.077900   0.002030   0.000539
 113.0  23.760000   1.764000   0.970900   0.540200   0.174800   0.068700   0.006620   0.721000   0.077500   0.002050   0.000572
 113.5  23.560000   1.753000   0.957000   0.532900   0.172700   0.072700   0.007080   0.717000   0.077100   0.002070   0.000605
 114.0  23.360000   1.743000   0.943200   0.525800   0.170500   0.077000   0.007580   0.712000   0.076700   0.002080   0.000639
 114.5  23.160000   1.735000   0.929700   0.518700   0.168400   0.081400   0.008100   0.708000   0.076300   0.002100   0.000674
 115.0  22.960000   1.729000   0.916500   0.511700   0.166300   0.086000   0.008650   0.703000   0.075800   0.002110   0.000710
 115.5  22.770000   1.719000   0.903500   0.504900   0.164200   0.090500   0.009210   0.698000   0.075400   0.002120   0.000746
 116.0  22.580000   1.714000   0.890700   0.498100   0.162200   0.095500   0.009830   0.693000   0.074900   0.002140   0.000784
 116.5  22.390000   1.704000   0.878200   0.491600   0.160200   0.101000   0.010500   0.688000   0.074400   0.002150   0.000822
 117.0  22.200000   1.699000   0.865900   0.485000   0.158200   0.106000   0.011200   0.683000   0.073900   0.002160   0.000861
 117.5  22.020000   1.688000   0.853800   0.478700   0.156300   0.111000   0.011900   0.677000   0.073300   0.002180   0.000900
 118.0  21.840000   1.683000   0.842000   0.472400   0.154300   0.117000   0.012600   0.672000   0.072800   0.002190   0.000940
 118.5  21.660000   1.675000   0.830300   0.466200   0.152400   0.123000   0.013400   0.666000   0.072200   0.002200   0.000981
 119.0  21.480000   1.666000   0.818700   0.460200   0.150600   0.129000   0.014200   0.660000   0.071600   0.002210   0.001020
 119.5  21.310000   1.659000   0.807500   0.454200   0.148700   0.135000   0.015000   0.654000   0.071000   0.002220   0.001060
 120.0  21.130000   1.649000   0.796600   0.448300   0.147000   0.141000   0.015900   0.648000   0.070400   0.002230   0.001110
 120.5  20.960000   1.643000   0.785900   0.442600   0.145200   0.148000   0.016800   0.641000   0.069700   0.002230   0.001150
 121.0  20.800000   1.636000   0.775300   0.436800   0.143400   0.155000   0.017700   0.635000   0.069100   0.002240   0.001190
 121.5  20.630000   1.631000   0.764900   0.431200   0.141700   0.161000   0.018700   0.628000   0.068400   0.002250   0.001230
 122.0  20.480000   1.623000   0.754700   0.425700   0.140000   0.169000   0.019700   0.621000   0.067700   0.002250   0.001280
 122.5  20.310000   1.615000   0.744600   0.420300   0.138300   0.176000   0.020700   0.614000   0.067000   0.002260   0.001320
 123.0  20.150000   1.608000   0.734700   0.415000   0.136600   0.183000   0.021800   0.607000   0.066300   0.002270   0.001360
 123.5  19.990000   1.598000   0.724900   0.409600   0.135000   0.191000   0.022900   0.600000   0.065600   0.002280   0.001410
 124.0  19.830000   1.595000   0.715400   0.404400   0.133400   0.198000   0.024000   0.592000   0.064800   0.002280   0.001450
 124.1  19.800000   1.593400   0.713520   0.403380   0.133080   0.199800   0.024240   0.590400   0.064620   0.002280   0.001458
 124.2  19.770000   1.591800   0.711640   0.402360   0.132760   0.201600   0.024480   0.588800   0.064440   0.002280   0.001466
 124.3  19.740000   1.590200   0.709760   0.401340   0.132440   0.203400   0.024720   0.587200   0.064260   0.002280   0.001474
 124.4  19.710000   1.588600   0.707880   0.400320   0.132120   0.205200   0.024960   0.585600   0.064080   0.002280   0.001482
 124.5  19.680000   1.587000   0.706000   0.399300   0.131800   0.207000   0.025200   0.584000   0.063900   0.002280   0.001490
 124.6  19.648000   1.585200   0.704120   0.398300   0.131480   0.208600   0.025440   0.582600   0.063760   0.002280   0.001500
 124.7  19.616000   1.583400   0.702240   0.397300   0.131160   0.210200   0.025680   0.581200   0.063620   0.002280   0.001510
 124.8  19.584000   1.581600   0.700360   0.396300   0.130840   0.211800   0.025920   0.579800   0.063480   0.002280   0.001520
 124.9  19.552000   1.579800   0.698480   0.395300   0.130520   0.213400   0.026160   0.578400   0.063340   0.002280   0.001530
 125.0  19.520000   1.578000   0.696600   0.394300   0.130200   0.215000   0.026400   0.577000   0.063200   0.002280   0.001540
 125.1  19.490000   1.577000   0.694740   0.393300   0.129900   0.216600   0.026640   0.575400   0.063040   0.002280   0.001548
 125.2  19.460000   1.576000   0.692880   0.392300   0.129600   0.218200   0.026880   0.573800   0.062880   0.002280   0.001556
 125.3  19.430000   1.575000   0.691020   0.391300   0.129300   0.219800   0.027120   0.572200   0.062720   0.002280   0.001564
 125.4  19.400000   1.574000   0.689160   0.390300   0.129000   0.221400   0.027360   0.570600   0.062560   0.002280   0.001572
 125.5  19.370000   1.573000   0.687300   0.389300   0.128700   0.223000   0.027600   0.569000   0.062400   0.002280   0.001580
 125.6  19.340000   1.572000   0.685480   0.388300   0.128380   0.224600   0.027860   0.567400   0.062220   0.002280   0.001588
 125.7  19.310000   1.571000   0.683660   0.387300   0.128060   0.226200   0.028120   0.565800   0.062040   0.002280   0.001596
 125.8  19.280000   1.570000   0.681840   0.386300   0.127740   0.227800   0.028380   0.564200   0.061860   0.002280   0.001604
 125.9  19.250000   1.569000   0.680020   0.385300   0.127420   0.229400   0.028640   0.562600   0.061680   0.002280   0.001612
 126.0  19.220000   1.568000   0.678200   0.384300   0.127100   0.231000   0.028900   0.561000   0.061500   0.002280   0.001620
 126.1  19.190000   1.566000   0.676380   0.383320   0.126800   0.232600   0.029160   0.559400   0.061360   0.002280   0.001628
 126.2  19.160000   1.564000   0.674560   0.382340   0.126500   0.234200   0.029420   0.557800   0.061220   0.002280   0.001636
 126.3  19.130000   1.562000   0.672740   0.381360   0.126200   0.235800   0.029680   0.556200   0.061080   0.002280   0.001644
 126.4  19.100000   1.560000   0.670920   0.380380   0.125900   0.237400   0.029940   0.554600   0.060940   0.002280   0.001652
 126.5  19.070000   1.558000   0.669100   0.379400   0.125600   0.239000   0.030200   0.553000   0.060800   0.002280   0.001660
 126.6  19.040000   1.556800   0.667320   0.378440   0.125300   0.240800   0.030460   0.551400   0.060620   0.002280   0.001668
 126.7  19.010000   1.555600   0.665540   0.377480   0.125000   0.242600   0.030720   0.549800   0.060440   0.002280   0.001676
 126.8  18.980000   1.554400   0.663760   0.376520   0.124700   0.244400   0.030980   0.548200   0.060260   0.002280   0.001684
 126.9  18.950000   1.553200   0.661980   0.375560   0.124400   0.246200   0.031240   0.546600   0.060080   0.002280   0.001692
 127.0  18.920000   1.552000   0.660200   0.374600   0.124100   0.248000   0.031500   0.545000   0.059900   0.002280   0.001700
 127.5  18.780000   1.524000   0.651500   0.369900   0.122700   0.257000   0.032800   0.537000   0.059000   0.002280   0.001750
 128.0  18.630000   1.540000   0.642900   0.365200   0.121200   0.266000   0.034200   0.528000   0.058100   0.002270   0.001790
 128.5  18.490000   1.531000   0.634400   0.360600   0.119800   0.275000   0.035600   0.519000   0.057200   0.002270   0.001830
 129.0  18.350000   1.525000   0.626000   0.356100   0.118400   0.284000   0.037000   0.511000   0.056300   0.002260   0.001870
 129.5  18.210000   1.513000   0.617700   0.351600   0.117000   0.293000   0.038400   0.502000   0.055400   0.002260   0.001900
 130.0  18.070000   1.511000   0.609500   0.347300   0.115700   0.303000   0.039800   0.494000   0.054500   0.002250   0.001950
 130.5  17.940000   1.504000   0.601500   0.343000   0.114300   0.312000   0.041300   0.485000   0.053600   0.002240   0.001990
 131.0  17.810000   1.497000   0.593600   0.338800   0.113000   0.322000   0.042800   0.476000   0.052600   0.002230   0.002010
 131.5  17.680000   1.492000   0.585900   0.334700   0.111700   0.331000   0.044200   0.467000   0.051700   0.002220   0.002060
 132.0  17.550000   1.485000   0.578300   0.330600   0.110400   0.341000   0.045700   0.458000   0.050700   0.002210   0.002090
 132.5  17.420000   1.479000   0.570800   0.326600   0.109100   0.351000   0.047200   0.449000   0.049700   0.002200   0.002130
 133.0  17.290000   1.473000   0.563400   0.322600   0.107900   0.361000   0.048700   0.440000   0.048800   0.002190   0.002160
 133.5  17.160000   1.466000   0.556200   0.318800   0.106700   0.370000   0.050200   0.431000   0.047900   0.002170   0.002190
 134.0  17.040000   1.462000   0.549100   0.314900   0.105400   0.380000   0.051700   0.422000   0.046800   0.002160   0.002220
 134.5  16.920000   1.455000   0.542000   0.311200   0.104200   0.390000   0.053200   0.413000   0.045900   0.002140   0.002250
 135.0  16.790000   1.448000   0.535100   0.307400   0.103100   0.400000   0.054700   0.404000   0.044900   0.002130   0.002270
 135.5  16.670000   1.444000   0.528300   0.303800   0.101900   0.410000   0.056200   0.395000   0.043900   0.002110   0.002300
 136.0  16.550000   1.436000   0.521500   0.300100   0.100700   0.420000   0.057700   0.386000   0.042900   0.002090   0.002320
 136.5  16.430000   1.429000   0.514900   0.296600   0.099610   0.430000   0.059100   0.377000   0.042000   0.002080   0.002340
 137.0  16.310000   1.423000   0.508400   0.293000   0.098490   0.441000   0.060600   0.368000   0.041000   0.002060   0.002360
 137.5  16.200000   1.417000   0.502000   0.289500   0.097380   0.451000   0.062000   0.359000   0.040000   0.002040   0.002380
 138.0  16.080000   1.412000   0.495600   0.286100   0.096290   0.461000   0.063400   0.350000   0.039100   0.002020   0.002400
 138.5  15.960000   1.407000   0.489400   0.282700   0.095210   0.471000   0.064800   0.341000   0.038100   0.002000   0.002420
 139.0  15.850000   1.400000   0.483300   0.279300   0.094150   0.481000   0.066100   0.332000   0.037100   0.001980   0.002430
 139.5  15.740000   1.396000   0.477200   0.276000   0.093100   0.491000   0.067500   0.323000   0.036200   0.001950   0.002450
 140.0  15.630000   1.389000   0.471300   0.272800   0.092070   0.501000   0.068700   0.315000   0.035200   0.001930   0.002460
 141.0  15.420000   1.377000   0.459700   0.266400   0.090040   0.521000   0.071200   0.297000   0.033300   0.001880   0.002480
 142.0  15.200000   1.365000   0.448400   0.260100   0.088070   0.541000   0.073500   0.281000   0.031500   0.001840   0.002490
 143.0  15.000000   1.354000   0.437500   0.254100   0.086150   0.561000   0.075600   0.264000   0.029700   0.001770   0.002490
 144.0  14.790000   1.344000   0.426800   0.248200   0.084270   0.580000   0.077500   0.248000   0.027900   0.001730   0.002490
 145.0  14.590000   1.333000   0.416400   0.242400   0.082460   0.600000   0.079100   0.232000   0.026100   0.001680   0.002480
 146.0  14.400000   1.321000   0.406200   0.236800   0.080680   0.619000   0.080500   0.216000   0.024400   0.001620   0.002460
 147.0  14.210000   1.311000   0.396300   0.231400   0.078950   0.639000   0.081600   0.201000   0.022700   0.001560   0.002440
 148.0  14.020000   1.302000   0.386700   0.226100   0.077270   0.658000   0.082400   0.185000   0.020900   0.001490   0.002390
 149.0  13.830000   1.291000   0.377300   0.220900   0.075630   0.677000   0.082600   0.172000   0.019400   0.001430   0.002360
 150.0  13.650000   1.280000   0.368100   0.215900   0.074030   0.696000   0.082500   0.157000   0.017900   0.001370   0.002310
 151.0  13.470000   1.268000   0.359300   0.211000   0.072480   0.716000   0.081900   0.143000   0.016200   0.001290   0.002240
 152.0  13.300000   1.259000   0.350700   0.206300   0.070960   0.735000   0.080800   0.130000   0.014800   0.001220   0.002190
 153.0  13.130000   1.250000   0.342200   0.201600   0.069480   0.754000   0.079000   0.117000   0.013400   0.001150   0.002110
 154.0  12.960000   1.240000   0.333700   0.196900   0.068040   0.774000   0.076600   0.105000   0.011900   0.001070   0.002020
 155.0  12.790000   1.231000   0.325200   0.192300   0.066640   0.794000   0.073400   0.092300   0.010500   0.000998   0.001910
 156.0  12.630000   1.222000   0.315700   0.187100   0.065270   0.815000   0.069200   0.080200   0.009150   0.000914   0.001790
 157.0  12.470000   1.212000   0.306400   0.182100   0.063930   0.837000   0.064000   0.068200   0.007790   0.000823   0.001650
 158.0  12.300000   1.204000   0.297500   0.177300   0.062630   0.860000   0.057600   0.056500   0.006460   0.000729   0.001500
 159.0  12.130000   1.194000   0.289200   0.172800   0.061360   0.884000   0.049900   0.045200   0.005170   0.000628   0.001330
 160.0  11.950000   1.185000   0.281700   0.168700   0.060130   0.908000   0.041500   0.034600   0.003960   0.000532   0.001160
 162.0  11.480000   1.171000   0.272000   0.163400   0.057750   0.943000   0.028200   0.019800   0.002270   0.000370   0.000841
 164.0  11.060000   1.152000   0.263700   0.158700   0.055480   0.957000   0.023100   0.013600   0.001560   0.000260   0.000606
 166.0  10.720000   1.132000   0.254300   0.153300   0.053320   0.962000   0.021800   0.010700   0.001240   0.000208   0.000500
 168.0  10.400000   1.114000   0.243600   0.147100   0.051260   0.964000   0.022200   0.009060   0.001050   0.000179   0.000440
 170.0  10.120000   1.098000   0.232900   0.140800   0.049300   0.964000   0.023600   0.007930   0.000920   0.000158   0.000400
 172.0   9.849000   1.080000   0.222900   0.135000   0.047440   0.963000   0.026100   0.007100   0.000825   0.000143   0.000370
 174.0   9.597000   1.062000   0.213500   0.129400   0.045660   0.960000   0.029800   0.006450   0.000751   0.000132   0.000348
 176.0   9.358000   1.047000   0.204500   0.123900   0.043960   0.955000   0.035400   0.005910   0.000689   0.000122   0.000329
 178.0   9.123000   1.031000   0.196100   0.118600   0.042340   0.947000   0.044400   0.005440   0.000636   0.000114   0.000312
 180.0   8.874000   1.015000   0.188300   0.113700   0.040800   0.932000   0.060200   0.005010   0.000587   0.000105   0.000296
 182.0   8.638000   0.998000   0.181400   0.109500   0.039330   0.903000   0.090000   0.004550   0.000534   0.000097   0.000276
 184.0   8.425000   0.983000   0.174800   0.105700   0.037930   0.862000   0.131000   0.004090   0.000481   0.000088   0.000254
 186.0   8.232000   0.969000   0.168300   0.101800   0.036590   0.828000   0.166000   0.003700   0.000437   0.000081   0.000235
 188.0   8.050000   0.953600   0.161900   0.097980   0.035300   0.803000   0.191000   0.003410   0.000403   0.000075   0.000222
 190.0   7.868000   0.938700   0.155600   0.094280   0.034080   0.786000   0.209000   0.003170   0.000376   0.000071   0.000211
 192.0   7.685000   0.923800   0.149800   0.090790   0.032910   0.772000   0.223000   0.002970   0.000353   0.000067   0.000202
 194.0   7.512000   0.909000   0.144300   0.087450   0.031790   0.761000   0.234000   0.002800   0.000333   0.000063   0.000194
 196.0   7.359000   0.895300   0.138900   0.084260   0.030730   0.753000   0.243000   0.002650   0.000316   0.000060   0.000187
 198.0   7.233000   0.881900   0.133600   0.081200   0.029700   0.746000   0.250000   0.002520   0.000301   0.000058   0.000181
 200.0   7.127000   0.868500   0.128600   0.078270   0.028720   0.741000   0.255000   0.002400   0.000287   0.000055   0.000175
 202.0   7.002000   0.856800   0.123800   0.075450   0.027790   0.736000   0.260000   0.002290   0.000275   0.000053   0.000170
 204.0   6.885000   0.845600   0.119300   0.072740   0.026890   0.732000   0.265000   0.002190   0.000263   0.000051   0.000165
 206.0   6.767000   0.835600   0.115000   0.070140   0.026030   0.728000   0.268000   0.002100   0.000252   0.000049   0.000161
 208.0   6.644000   0.825900   0.110900   0.067650   0.025210   0.725000   0.271000   0.002010   0.000243   0.000047   0.000157
 210.0   6.534000   0.816300   0.107000   0.065260   0.024420   0.723000   0.274000   0.001930   0.000234   0.000046   0.000153
 212.0   6.421000   0.806700   0.103200   0.062990   0.023670   0.720000   0.276000   0.001870   0.000225   0.000044   0.000149
 214.0   6.327000   0.797000   0.099580   0.060800   0.022940   0.718000   0.278000   0.001800   0.000218   0.000042   0.000145
 216.0   6.249000   0.787300   0.096110   0.058710   0.022250   0.717000   0.280000   0.001730   0.000210   0.000041   0.000141
 218.0   6.138000   0.777600   0.092790   0.056700   0.021580   0.715000   0.282000   0.001670   0.000203   0.000040   0.000138
 220.0   6.038000   0.767700   0.089610   0.054760   0.020940   0.714000   0.284000   0.001610   0.000197   0.000038   0.000135
 222.0   5.938000   0.757900   0.086570   0.052900   0.020330   0.712000   0.285000   0.001560   0.000190   0.000037   0.000131
 224.0   5.851000   0.748100   0.083650   0.051100   0.019740   0.711000   0.286000   0.001510   0.000184   0.000036   0.000128
 226.0   5.776000   0.738100   0.080850   0.049370   0.019170   0.710000   0.287000   0.001460   0.000179   0.000035   0.000125
 228.0   5.680000   0.728700   0.078170   0.047710   0.018620   0.709000   0.288000   0.001410   0.000173   0.000034   0.000122
 230.0   5.593000   0.719000   0.075590   0.046140   0.018100   0.708000   0.289000   0.001370   0.000168   0.000033   0.000119
 232.0   5.513000   0.709500   0.073080   0.044600   0.017580   0.707000   0.290000   0.001330   0.000163   0.000032   0.000117
 234.0   5.438000   0.699900   0.070670   0.043110   0.017100   0.706000   0.291000   0.001290   0.000158   0.000031   0.000114
 236.0   5.352000   0.690300   0.068350   0.041690   0.016630   0.706000   0.292000   0.001250   0.000154   0.000030   0.000111
 238.0   5.272000   0.680600   0.066120   0.040320   0.016180   0.705000   0.293000   0.001210   0.000149   0.000029   0.000109
 240.0   5.183000   0.670300   0.063980   0.039010   0.015740   0.704000   0.294000   0.001170   0.000145   0.000028   0.000106
 242.0   5.101000   0.660400   0.061940   0.037750   0.015320   0.704000   0.294000   0.001140   0.000141   0.000028   0.000104
 244.0   5.020000   0.650600   0.059970   0.036530   0.014920   0.703000   0.295000   0.001110   0.000138   0.000027   0.000102
 246.0   4.945000   0.641000   0.058080   0.035360   0.014530   0.702000   0.296000   0.001080   0.000134   0.000026   0.000100
 248.0   4.874000   0.631900   0.056260   0.034230   0.014160   0.702000   0.296000   0.001050   0.000131   0.000025   0.000097
 250.0   4.802000   0.622500   0.054500   0.033140   0.013800   0.701000   0.297000   0.001020   0.000127   0.000025   0.000095
 252.0   4.734000   0.613600   0.052800   0.032080   0.013460   0.701000   0.297000   0.000995   0.000124   0.000024   0.000093
 254.0   4.667000   0.605000   0.051160   0.031060   0.013120   0.700000   0.298000   0.000969   0.000121   0.000023   0.000091
 256.0   4.602000   0.596400   0.049580   0.030070   0.012800   0.700000   0.298000   0.000943   0.000118   0.000023   0.000089
 258.0   4.539000   0.587900   0.048060   0.029120   0.012490   0.699000   0.299000   0.000919   0.000115   0.000022   0.000087
 260.0   4.479000   0.579700   0.046600   0.028210   0.012190   0.699000   0.299000   0.000896   0.000112   0.000022   0.000086
 262.0   4.421000   0.571400   0.045220   0.027340   0.011900   0.698000   0.300000   0.000874   0.000110   0.000021   0.000084
 264.0   4.366000   0.563600   0.043890   0.026500   0.011620   0.698000   0.300000   0.000852   0.000107   0.000021   0.000082
 266.0   4.308000   0.555400   0.042600   0.025690   0.011350   0.698000   0.301000   0.000831   0.000105   0.000020   0.000080
 268.0   4.253000   0.547700   0.041360   0.024910   0.011090   0.697000   0.301000   0.000811   0.000102   0.000020   0.000079
 270.0   4.198000   0.540100   0.040160   0.024150   0.010830   0.697000   0.302000   0.000792   0.000100   0.000019   0.000077
 272.0   4.149000   0.532800   0.038970   0.023420   0.010590   0.696000   0.302000   0.000773   0.000098   0.000019   0.000076
 274.0   4.100000   0.525500   0.037820   0.022720   0.010350   0.696000   0.302000   0.000755   0.000096   0.000018   0.000074
 276.0   4.053000   0.518400   0.036710   0.022040   0.010120   0.696000   0.303000   0.000738   0.000094   0.000018   0.000073
 278.0   4.008000   0.511500   0.035630   0.021380   0.009899   0.695000   0.303000   0.000721   0.000092   0.000017   0.000071
 280.0   3.964000   0.504500   0.034590   0.020750   0.009686   0.695000   0.304000   0.000705   0.000090   0.000017   0.000070
 282.0   3.921000   0.497800   0.033590   0.020140   0.009477   0.695000   0.304000   0.000690   0.000088   0.000017   0.000068
 284.0   3.880000   0.491100   0.032630   0.019540   0.009275   0.694000   0.304000   0.000674   0.000086   0.000016   0.000067
 286.0   3.841000   0.484500   0.031700   0.018970   0.009079   0.694000   0.305000   0.000660   0.000084   0.000016   0.000066
 288.0   3.803000   0.478000   0.030800   0.018420   0.008889   0.693000   0.305000   0.000646   0.000083   0.000015   0.000064
 290.0   3.767000   0.471600   0.029930   0.017880   0.008705   0.693000   0.305000   0.000632   0.000081   0.000015   0.000063
 295.0   3.683000   0.456200   0.027890   0.016620   0.008267   0.692000   0.306000   0.000600   0.000077   0.000014   0.000060
 300.0   3.606000   0.440800   0.026020   0.015470   0.007862   0.692000   0.307000   0.000570   0.000073   0.000013   0.000058
 305.0   3.539000   0.426600   0.000000   0.000000   0.000000   0.691000   0.308000   0.000542   0.000070   0.000013   0.000055
 310.0   3.482000   0.413100   0.000000   0.000000   0.000000   0.690000   0.308000   0.000515   0.000067   0.000012   0.000052
 315.0   3.434000   0.399900   0.000000   0.000000   0.000000   0.690000   0.309000   0.000492   0.000064   0.000011   0.000050
 320.0   3.392000   0.387500   0.000000   0.000000   0.000000   0.689000   0.309000   0.000469   0.000061   0.000011   0.000048
 325.0   3.364000   0.375300   0.000000   0.000000   0.000000   0.688000   0.310000   0.000449   0.000059   0.000010   0.000046
 330.0   3.349000   0.363700   0.000000   0.000000   0.000000   0.688000   0.310000   0.000430   0.000056   0.000010   0.000044
 335.0   3.349000   0.352600   0.000000   0.000000   0.000000   0.687000   0.311000   0.000412   0.000054   0.000009   0.000042
 340.0   3.367000   0.342200   0.000000   0.000000   0.000000   0.687000   0.311000   0.000395   0.000052   0.000009   0.000040
 345.0   3.405000   0.330300   0.000000   0.000000   0.000000   0.685000   0.311000   0.000380   0.000050   0.000008   0.000039
 350.0   3.406000   0.320000   0.000000   0.000000   0.000000   0.676000   0.307000   0.000360   0.000048   0.000008   0.000036
 360.0   3.390000   0.302800   0.000000   0.000000   0.000000   0.651000   0.297000   0.000318   0.000042   0.000006   0.000032
 370.0   3.336000   0.289600   0.000000   0.000000   0.000000   0.628000   0.287000   0.000283   0.000038   0.000005   0.000028
 380.0   3.235000   0.277600   0.000000   0.000000   0.000000   0.609000   0.280000   0.000254   0.000034   0.000004   0.000024
 390.0   3.093000   0.266000   0.000000   0.000000   0.000000   0.594000   0.274000   0.000230   0.000031   0.000003   0.000021
 400.0   2.924000   0.254300   0.000000   0.000000   0.000000   0.582000   0.269000   0.000210   0.000028   0.000003   0.000019
 420.0   2.552000   0.231700   0.000000   0.000000   0.000000   0.565000   0.263000   0.000178   0.000024   0.000002   0.000015
 440.0   2.180000   0.210300   0.000000   0.000000   0.000000   0.555000   0.260000   0.000154   0.000021   0.000001   0.000013
 450.0   2.003000   0.200200   0.000000   0.000000   0.000000   0.551000   0.259000   0.000144   0.000020   0.000001   0.000012
 460.0   1.837000   0.190500   0.000000   0.000000   0.000000   0.549000   0.259000   0.000136   0.000019   0.000001   0.000010
 480.0   1.538000   0.172400   0.000000   0.000000   0.000000   0.546000   0.260000   0.000121   0.000017   0.000000   0.000009
 500.0   1.283000   0.156100   0.000000   0.000000   0.000000   0.546000   0.261000   0.000109   0.000015   0.000000   0.000008
 520.0   1.069000   0.141400   0.000000   0.000000   0.000000   0.547000   0.263000   0.000099   0.000014   0.000000   0.000007
 540.0   0.891200   0.128300   0.000000   0.000000   0.000000   0.549000   0.265000   0.000090   0.000013   0.000000   0.000006
 550.0   0.814100   0.122300   0.000000   0.000000   0.000000   0.550000   0.266000   0.000086   0.000012   0.000000   0.000005
 560.0   0.744200   0.116600   0.000000   0.000000   0.000000   0.552000   0.267000   0.000083   0.000012   0.000000   0.000005
 580.0   0.622900   0.106200   0.000000   0.000000   0.000000   0.555000   0.270000   0.000076   0.000011   0.000000   0.000004
 600.0   0.523000   0.096880   0.000000   0.000000   0.000000   0.558000   0.272000   0.000071   0.000010   0.000000   0.000004
 620.0   0.440300   0.088610   0.000000   0.000000   0.000000   0.562000   0.275000   0.000066   0.000010   0.000000   0.000003
 640.0   0.371800   0.081210   0.000000   0.000000   0.000000   0.566000   0.277000   0.000061   0.000009   0.000000   0.000003
 650.0   0.342300   0.077840   0.000000   0.000000   0.000000   0.568000   0.279000   0.000059   0.000009   0.000000   0.000003
 660.0   0.315200   0.074590   0.000000   0.000000   0.000000   0.570000   0.280000   0.000057   0.000008   0.000000   0.000003
 680.0   0.268000   0.068650   0.000000   0.000000   0.000000   0.573000   0.282000   0.000053   0.000008   0.000000   0.000002
 700.0   0.228800   0.063300   0.000000   0.000000   0.000000   0.577000   0.285000   0.000050   0.000007   0.000000   0.000002
 720.0   0.196200   0.058530   0.000000   0.000000   0.000000   0.581000   0.287000   0.000047   0.000007   0.000000   0.000002
 740.0   0.168700   0.054200   0.000000   0.000000   0.000000   0.584000   0.289000   0.000044   0.000007   0.000000   0.000002
 750.0   0.156600   0.052350   0.000000   0.000000   0.000000   0.586000   0.290000   0.000042   0.000006   0.000000   0.000002
 760.0   0.145500   0.050320   0.000000   0.000000   0.000000   0.588000   0.291000   0.000041   0.000006   0.000000   0.000002
 780.0   0.126000   0.046820   0.000000   0.000000   0.000000   0.591000   0.294000   0.000039   0.000006   0.000000   0.000001
 800.0   0.109500   0.043650   0.000000   0.000000   0.000000   0.594000   0.296000   0.000036   0.000006   0.000000   0.000001
 820.0   0.095470   0.040780   0.000000   0.000000   0.000000   0.598000   0.297000   0.000034   0.000005   0.000000   0.000001
 840.0   0.083460   0.038150   0.000000   0.000000   0.000000   0.601000   0.299000   0.000032   0.000005   0.000000   0.000001
 850.0   0.078110   0.037060   0.000000   0.000000   0.000000   0.602000   0.300000   0.000031   0.000005   0.000000   0.000001
 860.0   0.073210   0.035790   0.000000   0.000000   0.000000   0.604000   0.301000   0.000030   0.000005   0.000000   0.000001
 880.0   0.064430   0.033630   0.000000   0.000000   0.000000   0.606000   0.303000   0.000029   0.000004   0.000000   0.000001
 900.0   0.056840   0.031640   0.000000   0.000000   0.000000   0.609000   0.304000   0.000027   0.000004   0.000000   0.000001
 920.0   0.050300   0.029860   0.000000   0.000000   0.000000   0.612000   0.306000   0.000026   0.000004   0.000000   0.000001
 940.0   0.044630   0.028200   0.000000   0.000000   0.000000   0.614000   0.307000   0.000024   0.000004   0.000000   0.000001
 950.0   0.042060   0.027450   0.000000   0.000000   0.000000   0.616000   0.308000   0.000023   0.000004   0.000000   0.000001
 960.0   0.039690   0.026690   0.000000   0.000000   0.000000   0.617000   0.309000   0.000023   0.000004   0.000000   0.000001
 980.0   0.035390   0.025240   0.000000   0.000000   0.000000   0.619000   0.310000   0.000022   0.000003   0.000000   0.000001
1000.0   0.031630   0.023990   0.000000   0.000000   0.000000   0.621000   0.311000   0.000021   0.000003   0.000000   0.000001
