 110.0  19.840000   1.410000   0.875400   0.472100   0.125700   0.047700   0.004340   0.744000   0.079500   0.001950   0.000391
 110.5  19.660000   1.404000   0.862300   0.465500   0.124100   0.050900   0.004670   0.740000   0.079100   0.001970   0.000418
 111.0  19.480000   1.396000   0.849500   0.458900   0.122500   0.054000   0.005000   0.737000   0.078900   0.001980   0.000447
 111.5  19.310000   1.391000   0.836800   0.452500   0.120900   0.057500   0.005380   0.733000   0.078600   0.002000   0.000476
 112.0  19.130000   1.382000   0.824400   0.446200   0.119400   0.061000   0.005760   0.729000   0.078200   0.002020   0.000507
 112.5  18.960000   1.375000   0.812200   0.440000   0.117900   0.064700   0.006170   0.725000   0.077900   0.002030   0.000539
 113.0  18.790000   1.369000   0.800300   0.434000   0.116400   0.068700   0.006620   0.721000   0.077500   0.002050   0.000572
 113.5  18.630000   1.363000   0.788500   0.428000   0.114900   0.072700   0.007080   0.717000   0.077100   0.002070   0.000605
 114.0  18.460000   1.356000   0.777000   0.422100   0.113400   0.077000   0.007580   0.712000   0.076700   0.002080   0.000639
 114.5  18.300000   1.349000   0.765700   0.416400   0.112000   0.081400   0.008100   0.708000   0.076300   0.002100   0.000674
 115.0  18.140000   1.344000   0.754600   0.410700   0.110600   0.086000   0.008650   0.703000   0.075800   0.002110   0.000710
 115.5  17.980000   1.335000   0.743900   0.405200   0.109200   0.090500   0.009210   0.698000   0.075400   0.002120   0.000746
 116.0  17.830000   1.330000   0.733300   0.399800   0.107800   0.095500   0.009830   0.693000   0.074900   0.002140   0.000784
 116.5  17.670000   1.324000   0.723000   0.394500   0.106500   0.101000   0.010500   0.688000   0.074400   0.002150   0.000822
 117.0  17.520000   1.317000   0.712900   0.389300   0.105100   0.106000   0.011200   0.683000   0.073900   0.002160   0.000861
 117.5  17.370000   1.310000   0.703000   0.384200   0.103800   0.111000   0.011900   0.677000   0.073300   0.002180   0.000900
 118.0  17.220000   1.304000   0.693300   0.379100   0.102500   0.117000   0.012600   0.672000   0.072800   0.002190   0.000940
 118.5  17.080000   1.297000   0.683700   0.374200   0.101300   0.123000   0.013400   0.666000   0.072200   0.002200   0.000981
 119.0  16.930000   1.292000   0.674400   0.369300   0.100000   0.129000   0.014200   0.660000   0.071600   0.002210   0.001020
 119.5  16.790000   1.286000   0.665100   0.364500   0.098800   0.135000   0.015000   0.654000   0.071000   0.002220   0.001060
 120.0  16.650000   1.279000   0.656100   0.359800   0.097600   0.141000   0.015900   0.648000   0.070400   0.002230   0.001110
 120.5  16.510000   1.275000   0.647200   0.355100   0.096400   0.148000   0.016800   0.641000   0.069700   0.002230   0.001150
 121.0  16.370000   1.269000   0.638400   0.350500   0.095200   0.155000   0.017700   0.635000   0.069100   0.002240   0.001190
 121.5  16.230000   1.263000   0.629700   0.345900   0.094000   0.161000   0.018700   0.628000   0.068400   0.002250   0.001230
 122.0  16.100000   1.257000   0.621200   0.341400   0.092900   0.169000   0.019700   0.621000   0.067700   0.002250   0.001280
 122.5  15.970000   1.251000   0.612900   0.337000   0.091700   0.176000   0.020700   0.614000   0.067000   0.002260   0.001320
 123.0  15.840000   1.246000   0.604600   0.332600   0.090600   0.183000   0.021800   0.607000   0.066300   0.002270   0.001360
 123.5  15.710000   1.241000   0.596500   0.328300   0.089500   0.191000   0.022900   0.600000   0.065600   0.002280   0.001410
 124.0  15.580000   1.234000   0.588500   0.324100   0.088500   0.198000   0.024000   0.592000   0.064800   0.002280   0.001450
 124.1  15.554000   1.232600   0.586920   0.323260   0.088280   0.199800   0.024240   0.590400   0.064620   0.002280   0.001458
 124.2  15.528000   1.231200   0.585340   0.322420   0.088060   0.201600   0.024480   0.588800   0.064440   0.002280   0.001466
 124.3  15.502000   1.229800   0.583760   0.321580   0.087840   0.203400   0.024720   0.587200   0.064260   0.002280   0.001474
 124.4  15.476000   1.228400   0.582180   0.320740   0.087620   0.205200   0.024960   0.585600   0.064080   0.002280   0.001482
 124.5  15.450000   1.227000   0.580600   0.319900   0.087400   0.207000   0.025200   0.584000   0.063900   0.002280   0.001490
 124.6  15.424000   1.226000   0.579060   0.319080   0.087180   0.208600   0.025440   0.582600   0.063760   0.002280   0.001500
 124.7  15.398000   1.225000   0.577520   0.318260   0.086960   0.210200   0.025680   0.581200   0.063620   0.002280   0.001510
 124.8  15.372000   1.224000   0.575980   0.317440   0.086740   0.211800   0.025920   0.579800   0.063480   0.002280   0.001520
 124.9  15.346000   1.223000   0.574440   0.316620   0.086520   0.213400   0.026160   0.578400   0.063340   0.002280   0.001530
 125.0  15.320000   1.222000   0.572900   0.315800   0.086300   0.215000   0.026400   0.577000   0.063200   0.002280   0.001540
 125.1  15.296000   1.221400   0.571360   0.314980   0.086100   0.216600   0.026640   0.575400   0.063040   0.002280   0.001548
 125.2  15.272000   1.220800   0.569820   0.314160   0.085900   0.218200   0.026880   0.573800   0.062880   0.002280   0.001556
 125.3  15.248000   1.220200   0.568280   0.313340   0.085700   0.219800   0.027120   0.572200   0.062720   0.002280   0.001564
 125.4  15.224000   1.219600   0.566740   0.312520   0.085500   0.221400   0.027360   0.570600   0.062560   0.002280   0.001572
 125.5  15.200000   1.219000   0.565200   0.311700   0.085300   0.223000   0.027600   0.569000   0.062400   0.002280   0.001580
 125.6  15.176000   1.217400   0.563680   0.310900   0.085100   0.224600   0.027860   0.567400   0.062220   0.002280   0.001588
 125.7  15.152000   1.215800   0.562160   0.310100   0.084900   0.226200   0.028120   0.565800   0.062040   0.002280   0.001596
 125.8  15.128000   1.214200   0.560640   0.309300   0.084700   0.227800   0.028380   0.564200   0.061860   0.002280   0.001604
 125.9  15.104000   1.212600   0.559120   0.308500   0.084500   0.229400   0.028640   0.562600   0.061680   0.002280   0.001612
 126.0  15.080000   1.211000   0.557600   0.307700   0.084300   0.231000   0.028900   0.561000   0.061500   0.002280   0.001620
 126.1  15.056000   1.210000   0.556100   0.306920   0.084100   0.232600   0.029160   0.559400   0.061360   0.002280   0.001628
 126.2  15.032000   1.209000   0.554600   0.306140   0.083900   0.234200   0.029420   0.557800   0.061220   0.002280   0.001636
 126.3  15.008000   1.208000   0.553100   0.305360   0.083700   0.235800   0.029680   0.556200   0.061080   0.002280   0.001644
 126.4  14.984000   1.207000   0.551600   0.304580   0.083500   0.237400   0.029940   0.554600   0.060940   0.002280   0.001652
 126.5  14.960000   1.206000   0.550100   0.303800   0.083300   0.239000   0.030200   0.553000   0.060800   0.002280   0.001660
 126.6  14.938000   1.204600   0.548640   0.303020   0.083100   0.240800   0.030460   0.551400   0.060620   0.002280   0.001668
 126.7  14.916000   1.203200   0.547180   0.302240   0.082900   0.242600   0.030720   0.549800   0.060440   0.002280   0.001676
 126.8  14.894000   1.201800   0.545720   0.301460   0.082700   0.244400   0.030980   0.548200   0.060260   0.002280   0.001684
 126.9  14.872000   1.200400   0.544260   0.300680   0.082500   0.246200   0.031240   0.546600   0.060080   0.002280   0.001692
 127.0  14.850000   1.199000   0.542800   0.299900   0.082300   0.248000   0.031500   0.545000   0.059900   0.002280   0.001700
 127.5  14.730000   1.194000   0.535500   0.296100   0.081300   0.257000   0.032800   0.537000   0.059000   0.002280   0.001750
 128.0  14.620000   1.187000   0.528400   0.292300   0.080300   0.266000   0.034200   0.528000   0.058100   0.002270   0.001790
 128.5  14.500000   1.184000   0.521300   0.288600   0.079400   0.275000   0.035600   0.519000   0.057200   0.002270   0.001830
 129.0  14.380000   1.178000   0.514400   0.284900   0.078400   0.284000   0.037000   0.511000   0.056300   0.002260   0.001870
 129.5  14.270000   1.173000   0.507500   0.281300   0.077500   0.293000   0.038400   0.502000   0.055400   0.002260   0.001900
 130.0  14.160000   1.168000   0.500800   0.277800   0.076600   0.303000   0.039800   0.494000   0.054500   0.002250   0.001950
 130.5  14.050000   1.161000   0.494200   0.274300   0.075700   0.312000   0.041300   0.485000   0.053600   0.002240   0.001990
 131.0  13.940000   1.157000   0.487700   0.270900   0.074800   0.322000   0.042800   0.476000   0.052600   0.002230   0.002010
 131.5  13.830000   1.152000   0.481300   0.267500   0.073900   0.331000   0.044200   0.467000   0.051700   0.002220   0.002060
 132.0  13.720000   1.147000   0.474900   0.264200   0.073000   0.341000   0.045700   0.458000   0.050700   0.002210   0.002090
 132.5  13.620000   1.142000   0.468700   0.260900   0.072200   0.351000   0.047200   0.449000   0.049700   0.002200   0.002130
 133.0  13.510000   1.136000   0.462600   0.257700   0.071400   0.361000   0.048700   0.440000   0.048800   0.002190   0.002160
 133.5  13.410000   1.133000   0.456600   0.254500   0.070500   0.370000   0.050200   0.431000   0.047900   0.002170   0.002190
 134.0  13.310000   1.127000   0.450600   0.251400   0.069700   0.380000   0.051700   0.422000   0.046800   0.002160   0.002220
 134.5  13.210000   1.121000   0.444800   0.248300   0.068900   0.390000   0.053200   0.413000   0.045900   0.002140   0.002250
 135.0  13.110000   1.117000   0.439000   0.245300   0.068100   0.400000   0.054700   0.404000   0.044900   0.002130   0.002270
 135.5  13.010000   1.112000   0.433300   0.242300   0.067300   0.410000   0.056200   0.395000   0.043900   0.002110   0.002300
 136.0  12.910000   1.107000   0.427700   0.239300   0.066500   0.420000   0.057700   0.386000   0.042900   0.002090   0.002320
 136.5  12.810000   1.103000   0.422100   0.236400   0.065800   0.430000   0.059100   0.377000   0.042000   0.002080   0.002340
 137.0  12.720000   1.097000   0.416700   0.233600   0.065000   0.441000   0.060600   0.368000   0.041000   0.002060   0.002360
 137.5  12.620000   1.092000   0.411300   0.230700   0.064300   0.451000   0.062000   0.359000   0.040000   0.002040   0.002380
 138.0  12.530000   1.087000   0.406000   0.227900   0.063600   0.461000   0.063400   0.350000   0.039100   0.002020   0.002400
 138.5  12.440000   1.082000   0.400800   0.225200   0.062800   0.471000   0.064800   0.341000   0.038100   0.002000   0.002420
 139.0  12.350000   1.078000   0.395700   0.222500   0.062100   0.481000   0.066100   0.332000   0.037100   0.001980   0.002430
 139.5  12.260000   1.074000   0.390700   0.219800   0.061400   0.491000   0.067500   0.323000   0.036200   0.001950   0.002450
 140.0  12.180000   1.069000   0.385700   0.217200   0.060700   0.501000   0.068700   0.315000   0.035200   0.001930   0.002460
 141.0  12.000000   1.059000   0.376100   0.212100   0.059400   0.521000   0.071200   0.297000   0.033300   0.001880   0.002480
 142.0  11.820000   1.050000   0.366900   0.207100   0.058100   0.541000   0.073500   0.281000   0.031500   0.001840   0.002490
 143.0  11.650000   1.040000   0.357900   0.202300   0.056800   0.561000   0.075600   0.264000   0.029700   0.001770   0.002490
 144.0  11.490000   1.032000   0.349100   0.197600   0.055600   0.580000   0.077500   0.248000   0.027900   0.001730   0.002490
 145.0  11.330000   1.023000   0.340600   0.193000   0.054400   0.600000   0.079100   0.232000   0.026100   0.001680   0.002480
 146.0  11.180000   1.015000   0.332100   0.188400   0.053200   0.619000   0.080500   0.216000   0.024400   0.001620   0.002460
 147.0  11.020000   1.005000   0.323800   0.184000   0.052000   0.639000   0.081600   0.201000   0.022700   0.001560   0.002440
 148.0  10.870000   0.998000   0.315700   0.179600   0.050900   0.658000   0.082400   0.185000   0.020900   0.001490   0.002390
 149.0  10.720000   0.988000   0.307800   0.175400   0.049800   0.677000   0.082600   0.172000   0.019400   0.001430   0.002360
 150.0  10.580000   0.980000   0.300100   0.171300   0.048700   0.696000   0.082500   0.157000   0.017900   0.001370   0.002310
 151.0  10.430000   0.972000   0.292800   0.167400   0.047700   0.716000   0.081900   0.143000   0.016200   0.001290   0.002240
 152.0  10.290000   0.964000   0.285600   0.163600   0.046600   0.735000   0.080800   0.130000   0.014800   0.001220   0.002190
 153.0  10.160000   0.956100   0.278500   0.159900   0.045600   0.754000   0.079000   0.117000   0.013400   0.001150   0.002110
 154.0  10.020000   0.948700   0.271500   0.156200   0.044700   0.774000   0.076600   0.105000   0.011900   0.001070   0.002020
 155.0   9.886000   0.941500   0.264600   0.152500   0.043700   0.794000   0.073400   0.092300   0.010500   0.000998   0.001910
 156.0   9.754000   0.933900   0.256900   0.148400   0.042800   0.815000   0.069200   0.080200   0.009150   0.000914   0.001790
 157.0   9.624000   0.927000   0.249400   0.144400   0.041900   0.837000   0.064000   0.068200   0.007790   0.000823   0.001650
 158.0   9.487000   0.919900   0.242200   0.140500   0.041100   0.860000   0.057600   0.056500   0.006460   0.000729   0.001500
 159.0   9.349000   0.912600   0.235400   0.136800   0.040200   0.884000   0.049900   0.045200   0.005170   0.000628   0.001330
 160.0   9.202000   0.904300   0.229100   0.133400   0.039400   0.908000   0.041500   0.034600   0.003960   0.000532   0.001160
 162.0   8.830000   0.890600   0.220900   0.128900   0.037800   0.943000   0.028200   0.019800   0.002270   0.000370   0.000841
 164.0   8.519000   0.875500   0.214000   0.125200   0.036300   0.957000   0.023100   0.013600   0.001560   0.000260   0.000606
 166.0   8.246000   0.861300   0.206300   0.120800   0.034900   0.962000   0.021800   0.010700   0.001240   0.000208   0.000500
 168.0   8.009000   0.847300   0.197300   0.115700   0.033500   0.964000   0.022200   0.009060   0.001050   0.000179   0.000440
 170.0   7.786000   0.833800   0.188300   0.110600   0.032200   0.964000   0.023600   0.007930   0.000920   0.000158   0.000400
 172.0   7.578000   0.820100   0.180200   0.106000   0.030900   0.963000   0.026100   0.007100   0.000825   0.000143   0.000370
 174.0   7.389000   0.806300   0.172600   0.101600   0.029800   0.960000   0.029800   0.006450   0.000751   0.000132   0.000348
 176.0   7.212000   0.793400   0.165300   0.097300   0.028600   0.955000   0.035400   0.005910   0.000689   0.000122   0.000329
 178.0   7.041000   0.780900   0.158500   0.093100   0.027600   0.947000   0.044400   0.005440   0.000636   0.000114   0.000312
 180.0   6.869000   0.768400   0.152100   0.089200   0.026500   0.932000   0.060200   0.005010   0.000587   0.000105   0.000296
 182.0   6.696000   0.756100   0.146500   0.085900   0.025500   0.903000   0.090000   0.004550   0.000534   0.000097   0.000276
 184.0   6.522000   0.743300   0.141300   0.082900   0.024600   0.862000   0.131000   0.004090   0.000481   0.000088   0.000254
 186.0   6.349000   0.731400   0.136000   0.079800   0.023700   0.828000   0.166000   0.003700   0.000437   0.000081   0.000235
 188.0   6.179000   0.719500   0.130500   0.076700   0.022900   0.803000   0.191000   0.003410   0.000403   0.000075   0.000222
 190.0   6.017000   0.708000   0.125300   0.073700   0.022100   0.786000   0.209000   0.003170   0.000376   0.000071   0.000211
 192.0   5.865000   0.696000   0.120500   0.070900   0.021300   0.772000   0.223000   0.002970   0.000353   0.000067   0.000202
 194.0   5.725000   0.684500   0.116000   0.068300   0.020500   0.761000   0.234000   0.002800   0.000333   0.000063   0.000194
 196.0   5.598000   0.673500   0.111600   0.065700   0.019800   0.753000   0.243000   0.002650   0.000316   0.000060   0.000187
 198.0   5.483000   0.662900   0.107300   0.063300   0.019100   0.746000   0.250000   0.002520   0.000301   0.000058   0.000181
 200.0   5.377000   0.652400   0.103200   0.061000   0.018500   0.741000   0.255000   0.002400   0.000287   0.000055   0.000175
 202.0   5.277000   0.642900   0.099300   0.058700   0.017900   0.736000   0.260000   0.002290   0.000275   0.000053   0.000170
 204.0   5.188000   0.634300   0.095600   0.056600   0.017300   0.732000   0.265000   0.002190   0.000263   0.000051   0.000165
 206.0   5.106000   0.626200   0.092100   0.054500   0.016700   0.728000   0.268000   0.002100   0.000252   0.000049   0.000161
 208.0   5.009000   0.618400   0.088800   0.052600   0.016200   0.725000   0.271000   0.002010   0.000243   0.000047   0.000157
 210.0   4.922000   0.610800   0.085600   0.050700   0.015600   0.723000   0.274000   0.001930   0.000234   0.000046   0.000153
 212.0   4.833000   0.603300   0.082500   0.048900   0.015100   0.720000   0.276000   0.001870   0.000225   0.000044   0.000149
 214.0   4.758000   0.595500   0.079500   0.047100   0.014600   0.718000   0.278000   0.001800   0.000218   0.000042   0.000145
 216.0   4.695000   0.587900   0.076700   0.045500   0.014200   0.717000   0.280000   0.001730   0.000210   0.000041   0.000141
 218.0   4.608000   0.580200   0.074000   0.043900   0.013700   0.715000   0.282000   0.001670   0.000203   0.000040   0.000138
 220.0   4.528000   0.572400   0.071400   0.042400   0.013300   0.714000   0.284000   0.001610   0.000197   0.000038   0.000135
 222.0   4.449000   0.564600   0.069000   0.040900   0.012900   0.712000   0.285000   0.001560   0.000190   0.000037   0.000131
 224.0   4.381000   0.557000   0.066600   0.039500   0.012500   0.711000   0.286000   0.001510   0.000184   0.000036   0.000128
 226.0   4.321000   0.549300   0.064300   0.038100   0.012100   0.710000   0.287000   0.001460   0.000179   0.000035   0.000125
 228.0   4.245000   0.541600   0.062100   0.036800   0.011800   0.709000   0.288000   0.001410   0.000173   0.000034   0.000122
 230.0   4.177000   0.534100   0.060100   0.035600   0.011400   0.708000   0.289000   0.001370   0.000168   0.000033   0.000119
 232.0   4.114000   0.526600   0.058100   0.034400   0.011100   0.707000   0.290000   0.001330   0.000163   0.000032   0.000117
 234.0   4.056000   0.519000   0.056100   0.033200   0.010800   0.706000   0.291000   0.001290   0.000158   0.000031   0.000114
 236.0   3.990000   0.511400   0.054300   0.032100   0.010500   0.706000   0.292000   0.001250   0.000154   0.000030   0.000111
 238.0   3.924000   0.503800   0.052500   0.031000   0.010200   0.705000   0.293000   0.001210   0.000149   0.000029   0.000109
 240.0   3.854000   0.495900   0.050800   0.030000   0.009900   0.704000   0.294000   0.001170   0.000145   0.000028   0.000106
 242.0   3.789000   0.488200   0.049100   0.029000   0.009600   0.704000   0.294000   0.001140   0.000141   0.000028   0.000104
 244.0   3.726000   0.480700   0.047500   0.028100   0.009300   0.703000   0.295000   0.001110   0.000138   0.000027   0.000102
 246.0   3.667000   0.473300   0.046000   0.027100   0.009100   0.702000   0.296000   0.001080   0.000134   0.000026   0.000100
 248.0   3.611000   0.466100   0.044500   0.026300   0.008800   0.702000   0.296000   0.001050   0.000131   0.000025   0.000097
 250.0   3.555000   0.458800   0.043100   0.025400   0.008600   0.701000   0.297000   0.001020   0.000127   0.000025   0.000095
 252.0   3.501000   0.451900   0.041700   0.024600   0.008400   0.701000   0.297000   0.000995   0.000124   0.000024   0.000093
 254.0   3.449000   0.445200   0.040400   0.023800   0.008100   0.700000   0.298000   0.000969   0.000121   0.000023   0.000091
 256.0   3.398000   0.438500   0.039100   0.023000   0.007900   0.700000   0.298000   0.000943   0.000118   0.000023   0.000089
 258.0   3.349000   0.432000   0.037900   0.022300   0.007700   0.699000   0.299000   0.000919   0.000115   0.000022   0.000087
 260.0   3.301000   0.425600   0.036700   0.021600   0.007500   0.699000   0.299000   0.000896   0.000112   0.000022   0.000086
 262.0   3.255000   0.419300   0.035600   0.020900   0.007300   0.698000   0.300000   0.000874   0.000110   0.000021   0.000084
 264.0   3.211000   0.413100   0.034500   0.020200   0.007100   0.698000   0.300000   0.000852   0.000107   0.000021   0.000082
 266.0   3.167000   0.406900   0.033500   0.019600   0.007000   0.698000   0.301000   0.000831   0.000105   0.000020   0.000080
 268.0   3.125000   0.401000   0.032400   0.019000   0.006800   0.697000   0.301000   0.000811   0.000102   0.000020   0.000079
 270.0   3.083000   0.395100   0.031500   0.018400   0.006600   0.697000   0.302000   0.000792   0.000100   0.000019   0.000077
 272.0   3.044000   0.389400   0.030500   0.017800   0.006500   0.696000   0.302000   0.000773   0.000098   0.000019   0.000076
 274.0   3.006000   0.383700   0.029600   0.017300   0.006300   0.696000   0.302000   0.000755   0.000096   0.000018   0.000074
 276.0   2.970000   0.378300   0.028700   0.016800   0.006200   0.696000   0.303000   0.000738   0.000094   0.000018   0.000073
 278.0   2.934000   0.372900   0.027800   0.016200   0.006000   0.695000   0.303000   0.000721   0.000092   0.000017   0.000071
 280.0   2.900000   0.367600   0.027000   0.015800   0.005900   0.695000   0.304000   0.000705   0.000090   0.000017   0.000070
 282.0   2.866000   0.362300   0.026200   0.015300   0.005800   0.695000   0.304000   0.000690   0.000088   0.000017   0.000068
 284.0   2.833000   0.357200   0.025500   0.014800   0.005600   0.694000   0.304000   0.000674   0.000086   0.000016   0.000067
 286.0   2.803000   0.352100   0.024700   0.014400   0.005500   0.694000   0.305000   0.000660   0.000084   0.000016   0.000066
 288.0   2.773000   0.347100   0.024000   0.014000   0.005400   0.693000   0.305000   0.000646   0.000083   0.000015   0.000064
 290.0   2.744000   0.342200   0.023300   0.013600   0.005300   0.693000   0.305000   0.000632   0.000081   0.000015   0.000063
 295.0   2.677000   0.338700   0.021700   0.012600   0.005000   0.692000   0.306000   0.000600   0.000077   0.000014   0.000060
 300.0   2.616000   0.335000   0.020200   0.011700   0.004700   0.692000   0.307000   0.000570   0.000073   0.000013   0.000058
 305.0   2.563000   0.323700   0.000000   0.000000   0.000000   0.691000   0.308000   0.000542   0.000070   0.000013   0.000055
 310.0   2.516000   0.313000   0.000000   0.000000   0.000000   0.690000   0.308000   0.000515   0.000067   0.000012   0.000052
 315.0   2.478000   0.302800   0.000000   0.000000   0.000000   0.690000   0.309000   0.000492   0.000064   0.000011   0.000050
 320.0   2.443000   0.292900   0.000000   0.000000   0.000000   0.689000   0.309000   0.000469   0.000061   0.000011   0.000048
 325.0   2.418000   0.283400   0.000000   0.000000   0.000000   0.688000   0.310000   0.000449   0.000059   0.000010   0.000046
 330.0   2.403000   0.274500   0.000000   0.000000   0.000000   0.688000   0.310000   0.000430   0.000056   0.000010   0.000044
 335.0   2.398000   0.266100   0.000000   0.000000   0.000000   0.687000   0.311000   0.000412   0.000054   0.000009   0.000042
 340.0   2.407000   0.258500   0.000000   0.000000   0.000000   0.687000   0.311000   0.000395   0.000052   0.000009   0.000040
 345.0   2.431000   0.251900   0.000000   0.000000   0.000000   0.685000   0.311000   0.000380   0.000050   0.000008   0.000039
 350.0   2.428000   0.238000   0.000000   0.000000   0.000000   0.676000   0.307000   0.000360   0.000048   0.000008   0.000036
 360.0   2.408000   0.214200   0.000000   0.000000   0.000000   0.651000   0.297000   0.000318   0.000042   0.000006   0.000032
 370.0   2.362000   0.203900   0.000000   0.000000   0.000000   0.628000   0.287000   0.000283   0.000038   0.000005   0.000028
 380.0   2.283000   0.194900   0.000000   0.000000   0.000000   0.609000   0.280000   0.000254   0.000034   0.000004   0.000024
 390.0   2.175000   0.185900   0.000000   0.000000   0.000000   0.594000   0.274000   0.000230   0.000031   0.000003   0.000021
 400.0   2.049000   0.177200   0.000000   0.000000   0.000000   0.582000   0.269000   0.000210   0.000028   0.000003   0.000019
 420.0   1.776000   0.160100   0.000000   0.000000   0.000000   0.565000   0.263000   0.000178   0.000024   0.000002   0.000015
 440.0   1.507000   0.144200   0.000000   0.000000   0.000000   0.555000   0.260000   0.000154   0.000021   0.000001   0.000013
 450.0   1.381000   0.136800   0.000000   0.000000   0.000000   0.551000   0.259000   0.000144   0.000020   0.000001   0.000012
 460.0   1.263000   0.129600   0.000000   0.000000   0.000000   0.549000   0.259000   0.000136   0.000019   0.000001   0.000010
 480.0   1.050000   0.116400   0.000000   0.000000   0.000000   0.546000   0.260000   0.000121   0.000017   0.000000   0.000009
 500.0   0.870800   0.104600   0.000000   0.000000   0.000000   0.546000   0.261000   0.000109   0.000015   0.000000   0.000008
 520.0   0.721100   0.094000   0.000000   0.000000   0.000000   0.547000   0.263000   0.000099   0.000014   0.000000   0.000007
 540.0   0.597600   0.084600   0.000000   0.000000   0.000000   0.549000   0.265000   0.000090   0.000013   0.000000   0.000006
 550.0   0.544300   0.080300   0.000000   0.000000   0.000000   0.550000   0.266000   0.000086   0.000012   0.000000   0.000005
 560.0   0.496000   0.076300   0.000000   0.000000   0.000000   0.552000   0.267000   0.000083   0.000012   0.000000   0.000005
 580.0   0.412600   0.068900   0.000000   0.000000   0.000000   0.555000   0.270000   0.000076   0.000011   0.000000   0.000004
 600.0   0.344400   0.062400   0.000000   0.000000   0.000000   0.558000   0.272000   0.000071   0.000010   0.000000   0.000004
 620.0   0.288300   0.056700   0.000000   0.000000   0.000000   0.562000   0.275000   0.000066   0.000010   0.000000   0.000003
 640.0   0.242200   0.051500   0.000000   0.000000   0.000000   0.566000   0.277000   0.000061   0.000009   0.000000   0.000003
 650.0   0.222300   0.049200   0.000000   0.000000   0.000000   0.568000   0.279000   0.000059   0.000009   0.000000   0.000003
 660.0   0.204200   0.046900   0.000000   0.000000   0.000000   0.570000   0.280000   0.000057   0.000008   0.000000   0.000003
 680.0   0.172800   0.042900   0.000000   0.000000   0.000000   0.573000   0.282000   0.000053   0.000008   0.000000   0.000002
 700.0   0.146800   0.039200   0.000000   0.000000   0.000000   0.577000   0.285000   0.000050   0.000007   0.000000   0.000002
 720.0   0.125200   0.036000   0.000000   0.000000   0.000000   0.581000   0.287000   0.000047   0.000007   0.000000   0.000002
 740.0   0.107100   0.033000   0.000000   0.000000   0.000000   0.584000   0.289000   0.000044   0.000007   0.000000   0.000002
 750.0   0.099200   0.031700   0.000000   0.000000   0.000000   0.586000   0.290000   0.000042   0.000006   0.000000   0.000002
 760.0   0.091900   0.030400   0.000000   0.000000   0.000000   0.588000   0.291000   0.000041   0.000006   0.000000   0.000002
 780.0   0.079300   0.028100   0.000000   0.000000   0.000000   0.591000   0.294000   0.000039   0.000006   0.000000   0.000001
 800.0   0.068500   0.026000   0.000000   0.000000   0.000000   0.594000   0.296000   0.000036   0.000006   0.000000   0.000001
 820.0   0.059500   0.024100   0.000000   0.000000   0.000000   0.598000   0.297000   0.000034   0.000005   0.000000   0.000001
 840.0   0.051800   0.022400   0.000000   0.000000   0.000000   0.601000   0.299000   0.000032   0.000005   0.000000   0.000001
 850.0   0.048400   0.021600   0.000000   0.000000   0.000000   0.602000   0.300000   0.000031   0.000005   0.000000   0.000001
 860.0   0.045200   0.020800   0.000000   0.000000   0.000000   0.604000   0.301000   0.000030   0.000005   0.000000   0.000001
 880.0   0.039700   0.019400   0.000000   0.000000   0.000000   0.606000   0.303000   0.000029   0.000004   0.000000   0.000001
 900.0   0.034800   0.018100   0.000000   0.000000   0.000000   0.609000   0.304000   0.000027   0.000004   0.000000   0.000001
 920.0   0.030700   0.017000   0.000000   0.000000   0.000000   0.612000   0.306000   0.000026   0.000004   0.000000   0.000001
 940.0   0.027100   0.015900   0.000000   0.000000   0.000000   0.614000   0.307000   0.000024   0.000004   0.000000   0.000001
 950.0   0.025600   0.015400   0.000000   0.000000   0.000000   0.616000   0.308000   0.000023   0.000004   0.000000   0.000001
 960.0   0.024100   0.014900   0.000000   0.000000   0.000000   0.617000   0.309000   0.000023   0.000004   0.000000   0.000001
 980.0   0.021400   0.014000   0.000000   0.000000   0.000000   0.619000   0.310000   0.000022   0.000003   0.000000   0.000001
1000.0   0.019000   0.013200   0.000000   0.000000   0.000000   0.621000   0.311000   0.000021   0.000003   0.000000   0.000001
