90.0 1.22E-03
95.0 1.39E-03
100.0 1.58E-03
105.0 1.77E-03
110.0 1.95E-03
110.5 1.97E-03
111.0 1.98E-03
111.5 2.00E-03
112.0 2.02E-03
112.5 2.03E-03
113.0 2.05E-03
113.5 2.07E-03
114.0 2.08E-03
114.5 2.10E-03
115.0 2.11E-03
115.5 2.12E-03
116.0 2.14E-03
116.5 2.15E-03
117.0 2.16E-03
117.5 2.18E-03
118.0 2.19E-03
118.5 2.20E-03
119.0 2.21E-03
119.5 2.22E-03
120.0 2.23E-03
120.5 2.23E-03
121.0 2.24E-03
121.5 2.25E-03
122.0 2.25E-03
122.5 2.26E-03
123.0 2.27E-03
123.5 2.28E-03
124.0 2.28E-03
124.5 2.28E-03
125.0 2.28E-03
125.5 2.28E-03
126.0 2.28E-03
126.5 2.28E-03
127.0 2.28E-03
127.5 2.28E-03
128.0 2.27E-03
128.5 2.27E-03
129.0 2.26E-03
129.5 2.26E-03
130.0 2.25E-03
130.5 2.24E-03
131.0 2.23E-03
131.5 2.22E-03
132.0 2.21E-03
132.5 2.20E-03
133.0 2.19E-03
133.5 2.17E-03
134.0 2.16E-03
134.5 2.14E-03
135.0 2.13E-03
135.5 2.11E-03
136.0 2.09E-03
136.5 2.08E-03
137.0 2.06E-03
137.5 2.04E-03
138.0 2.02E-03
138.5 2.00E-03
139.0 1.98E-03
139.5 1.95E-03
140.0 1.93E-03
141.0 1.88E-03
142.0 1.84E-03
143.0 1.77E-03
144.0 1.73E-03
145.0 1.68E-03
146.0 1.62E-03
147.0 1.56E-03
148.0 1.49E-03
149.0 1.43E-03
150.0 1.37E-03
151.0 1.29E-03
152.0 1.22E-03
153.0 1.15E-03
154.0 1.07E-03
155.0 9.98E-04
156.0 9.14E-04
157.0 8.23E-04
158.0 7.29E-04
159.0 6.28E-04
160.0 5.32E-04
162.0 3.70E-04
164.0 2.60E-04
165.0 2.29E-04
166.0 2.08E-04
168.0 1.79E-04
170.0 1.58E-04
172.0 1.43E-04
174.0 1.32E-04
175.0 1.27E-04
176.0 1.22E-04
178.0 1.14E-04
180.0 1.05E-04
182.0 9.69E-05
184.0 8.81E-05
185.0 8.43E-05
186.0 8.09E-05
188.0 7.52E-05
190.0 7.05E-05
192.0 6.66E-05
194.0 6.32E-05
195.0 6.17E-05
196.0 6.02E-05
198.0 5.75E-05
200.0 5.51E-05
202.0 5.28E-05
204.0 5.08E-05
206.0 4.89E-05
208.0 4.71E-05
210.0 4.55E-05
212.0 4.39E-05
214.0 4.24E-05
216.0 4.10E-05
218.0 3.96E-05
220.0 3.83E-05
222.0 3.72E-05
224.0 3.60E-05
226.0 3.49E-05
228.0 3.39E-05
230.0 3.28E-05
232.0 3.19E-05
234.0 3.09E-05
236.0 3.00E-05
238.0 2.92E-05
240.0 2.84E-05
242.0 2.76E-05
244.0 2.68E-05
246.0 2.61E-05
248.0 2.54E-05
250.0 2.47E-05
252.0 2.40E-05
254.0 2.34E-05
256.0 2.29E-05
258.0 2.23E-05
260.0 2.17E-05
262.0 2.11E-05
264.0 2.06E-05
266.0 2.01E-05
268.0 1.96E-05
270.0 1.91E-05
272.0 1.87E-05
274.0 1.82E-05
276.0 1.78E-05
278.0 1.74E-05
280.0 1.68E-05
282.0 1.65E-05
284.0 1.61E-05
286.0 1.57E-05
288.0 1.53E-05
290.0 1.50E-05
295.0 1.42E-05
300.0 1.34E-05
305.0 1.27E-05
310.0 1.20E-05
315.0 1.14E-05
320.0 1.09E-05
325.0 1.03E-05
330.0 9.83E-06
335.0 9.37E-06
340.0 8.92E-06
345.0 8.44E-06
350.0 7.73E-06
360.0 6.25E-06
370.0 5.04E-06
380.0 4.06E-06
390.0 3.28E-06
400.0 2.65E-06
410.0 2.15E-06
420.0 1.74E-06
430.0 1.41E-06
440.0 1.15E-06
450.0 9.28E-07
460.0 7.51E-07
470.0 6.05E-07
480.0 4.87E-07
490.0 3.90E-07
500.0 3.12E-07
510.0 2.47E-07
520.0 1.96E-07
530.0 1.56E-07
540.0 1.24E-07
550.0 9.90E-08
560.0 8.10E-08
570.0 6.83E-08
580.0 5.91E-08
590.0 5.33E-08
600.0 5.03E-08
610.0 4.86E-08
620.0 4.82E-08
630.0 4.93E-08
640.0 5.29E-08
650.0 5.82E-08
660.0 6.60E-08
670.0 7.56E-08
680.0 8.65E-08
690.0 9.86E-08
700.0 1.11E-07
710.0 1.24E-07
720.0 1.38E-07
730.0 1.52E-07
740.0 1.65E-07
750.0 1.79E-07
760.0 1.92E-07
770.0 2.05E-07
780.0 2.18E-07
790.0 2.31E-07
800.0 2.44E-07
810.0 2.57E-07
820.0 2.69E-07
830.0 2.82E-07
840.0 2.93E-07
850.0 3.03E-07
860.0 3.15E-07
870.0 3.27E-07
880.0 3.38E-07
890.0 3.48E-07
900.0 3.58E-07
910.0 3.67E-07
920.0 3.77E-07
930.0 3.86E-07
940.0 3.93E-07
950.0 4.00E-07
960.0 4.09E-07
970.0 4.17E-07
980.0 4.26E-07
990.0 4.33E-07
1000.0 4.39E-07
