90.0 0.00E+00
95.0 4.48E-06
100.0 4.93E-05
105.0 1.71E-04
110.0 3.91E-04
110.5 4.18E-04
111.0 4.47E-04
111.5 4.76E-04
112.0 5.07E-04
112.5 5.39E-04
113.0 5.72E-04
113.5 6.05E-04
114.0 6.39E-04
114.5 6.74E-04
115.0 7.10E-04
115.5 7.46E-04
116.0 7.84E-04
116.5 8.22E-04
117.0 8.61E-04
117.5 9.00E-04
118.0 9.40E-04
118.5 9.81E-04
119.0 1.02E-03
119.5 1.06E-03
120.0 1.11E-03
120.5 1.15E-03
121.0 1.19E-03
121.5 1.23E-03
122.0 1.28E-03
122.5 1.32E-03
123.0 1.36E-03
123.5 1.41E-03
124.0 1.45E-03
124.5 1.49E-03
125.0 1.54E-03
125.5 1.58E-03
126.0 1.62E-03
126.5 1.66E-03
127.0 1.70E-03
127.5 1.75E-03
128.0 1.79E-03
128.5 1.83E-03
129.0 1.87E-03
129.5 1.90E-03
130.0 1.95E-03
130.5 1.99E-03
131.0 2.01E-03
131.5 2.06E-03
132.0 2.09E-03
132.5 2.13E-03
133.0 2.16E-03
133.5 2.19E-03
134.0 2.22E-03
134.5 2.25E-03
135.0 2.27E-03
135.5 2.30E-03
136.0 2.32E-03
136.5 2.34E-03
137.0 2.36E-03
137.5 2.38E-03
138.0 2.40E-03
138.5 2.42E-03
139.0 2.43E-03
139.5 2.45E-03
140.0 2.46E-03
141.0 2.48E-03
142.0 2.49E-03
143.0 2.49E-03
144.0 2.49E-03
145.0 2.48E-03
146.0 2.46E-03
147.0 2.44E-03
148.0 2.39E-03
149.0 2.36E-03
150.0 2.31E-03
151.0 2.24E-03
152.0 2.19E-03
153.0 2.11E-03
154.0 2.02E-03
155.0 1.91E-03
156.0 1.79E-03
157.0 1.65E-03
158.0 1.50E-03
159.0 1.33E-03
160.0 1.16E-03
162.0 8.41E-04
164.0 6.06E-04
165.0 5.42E-04
166.0 5.00E-04
168.0 4.40E-04
170.0 4.00E-04
172.0 3.70E-04
174.0 3.48E-04
175.0 3.38E-04
176.0 3.29E-04
178.0 3.12E-04
180.0 2.96E-04
182.0 2.76E-04
184.0 2.54E-04
185.0 2.44E-04
186.0 2.35E-04
188.0 2.22E-04
190.0 2.11E-04
192.0 2.02E-04
194.0 1.94E-04
195.0 1.90E-04
196.0 1.87E-04
198.0 1.81E-04
200.0 1.75E-04
202.0 1.70E-04
204.0 1.65E-04
206.0 1.61E-04
208.0 1.57E-04
210.0 1.53E-04
212.0 1.49E-04
214.0 1.45E-04
216.0 1.41E-04
218.0 1.38E-04
220.0 1.35E-04
222.0 1.31E-04
224.0 1.28E-04
226.0 1.25E-04
228.0 1.22E-04
230.0 1.19E-04
232.0 1.17E-04
234.0 1.14E-04
236.0 1.11E-04
238.0 1.09E-04
240.0 1.06E-04
242.0 1.04E-04
244.0 1.02E-04
246.0 9.96E-05
248.0 9.75E-05
250.0 9.54E-05
252.0 9.34E-05
254.0 9.14E-05
256.0 8.94E-05
258.0 8.75E-05
260.0 8.57E-05
262.0 8.39E-05
264.0 8.21E-05
266.0 8.04E-05
268.0 7.88E-05
270.0 7.72E-05
272.0 7.56E-05
274.0 7.41E-05
276.0 7.26E-05
278.0 7.12E-05
280.0 6.98E-05
282.0 6.84E-05
284.0 6.71E-05
286.0 6.58E-05
288.0 6.45E-05
290.0 6.32E-05
295.0 6.03E-05
300.0 5.75E-05
305.0 5.49E-05
310.0 5.23E-05
315.0 5.00E-05
320.0 4.79E-05
325.0 4.58E-05
330.0 4.39E-05
335.0 4.21E-05
340.0 4.03E-05
345.0 3.88E-05
350.0 3.65E-05
360.0 3.18E-05
370.0 2.77E-05
380.0 2.43E-05
390.0 2.14E-05
400.0 1.90E-05
410.0 1.70E-05
420.0 1.53E-05
430.0 1.39E-05
440.0 1.26E-05
450.0 1.15E-05
460.0 1.05E-05
470.0 9.64E-06
480.0 8.88E-06
490.0 8.19E-06
500.0 7.58E-06
510.0 7.03E-06
520.0 6.53E-06
530.0 6.08E-06
540.0 5.67E-06
550.0 5.30E-06
560.0 4.95E-06
570.0 4.64E-06
580.0 4.35E-06
590.0 4.08E-06
600.0 3.84E-06
610.0 3.61E-06
620.0 3.40E-06
630.0 3.21E-06
640.0 3.03E-06
650.0 2.86E-06
660.0 2.70E-06
670.0 2.56E-06
680.0 2.42E-06
690.0 2.30E-06
700.0 2.18E-06
710.0 2.07E-06
720.0 1.96E-06
730.0 1.87E-06
740.0 1.77E-06
750.0 1.69E-06
760.0 1.61E-06
770.0 1.53E-06
780.0 1.46E-06
790.0 1.40E-06
800.0 1.33E-06
810.0 1.27E-06
820.0 1.22E-06
830.0 1.16E-06
840.0 1.12E-06
850.0 1.07E-06
860.0 1.02E-06
870.0 9.83E-07
880.0 9.44E-07
890.0 9.06E-07
900.0 8.71E-07
910.0 8.39E-07
920.0 8.07E-07
930.0 7.77E-07
940.0 7.49E-07
950.0 7.22E-07
960.0 6.97E-07
970.0 6.74E-07
980.0 6.51E-07
990.0 6.29E-07
1000.0 6.08E-07
