110.0 	    7.95E-02
110.5 	    7.91E-02
111.0 	    7.89E-02
111.5 	    7.86E-02
112.0 	    7.82E-02
112.5 	    7.79E-02
113.0 	    7.75E-02
113.5 	    7.71E-02
114.0 	    7.67E-02
114.5 	    7.63E-02
115.0 	    7.58E-02
115.5 	    7.54E-02
116.0 	    7.49E-02
116.5 	    7.44E-02
117.0 	    7.39E-02
117.5 	    7.33E-02
118.0 	    7.28E-02
118.5 	    7.22E-02
119.0 	    7.16E-02
119.5 	    7.10E-02
120.0 	    7.04E-02
120.5 	    6.97E-02
121.0 	    6.91E-02
121.5 	    6.84E-02
122.0 	    6.77E-02
122.5 	    6.70E-02
123.0 	    6.63E-02
123.5 	    6.56E-02
124.0 	    6.48E-02
124.5 	    6.39E-02
125.0 	    6.32E-02
125.5 	    6.24E-02
126.0 	    6.15E-02
126.5 	    6.08E-02
127.0 	    5.99E-02
127.5 	    5.90E-02
128.0 	    5.81E-02
128.5 	    5.72E-02
129.0 	    5.63E-02
129.5 	    5.54E-02
130.0 	    5.45E-02
130.5 	    5.36E-02
131.0 	    5.26E-02
131.5 	    5.17E-02
132.0 	    5.07E-02
132.5 	    4.97E-02
133.0 	    4.88E-02
133.5 	    4.79E-02
134.0 	    4.68E-02
134.5 	    4.59E-02
135.0 	    4.49E-02
135.5 	    4.39E-02
136.0 	    4.29E-02
136.5 	    4.20E-02
137.0 	    4.10E-02
137.5 	    4.00E-02
138.0 	    3.91E-02
138.5 	    3.81E-02
139.0 	    3.71E-02
139.5 	    3.62E-02
140.0 	    3.52E-02
141.0 	    3.33E-02
142.0 	    3.15E-02
143.0 	    2.97E-02
144.0 	    2.79E-02
145.0 	    2.61E-02
146.0 	    2.44E-02
147.0 	    2.27E-02
148.0 	    2.09E-02
149.0 	    1.94E-02
150.0 	    1.79E-02
151.0 	    1.62E-02
152.0 	    1.48E-02
153.0 	    1.34E-02
154.0 	    1.19E-02
155.0 	    1.05E-02
156.0 	    9.15E-03
157.0 	    7.79E-03
158.0 	    6.46E-03
159.0 	    5.17E-03
160.0 	    3.96E-03
162.0 	    2.27E-03
164.0 	    1.56E-03
165.0 	    1.37E-03
166.0 	    1.24E-03
168.0 	    1.05E-03
170.0 	    9.20E-04
172.0 	    8.25E-04
174.0 	    7.51E-04
175.0 	    7.19E-04
176.0 	    6.89E-04
178.0 	    6.36E-04
180.0 	    5.87E-04
182.0 	    5.34E-04
184.0 	    4.81E-04
185.0 	    4.58E-04
186.0 	    4.37E-04
188.0 	    4.03E-04
190.0 	    3.76E-04
192.0 	    3.53E-04
194.0 	    3.33E-04
195.0 	    3.24E-04
196.0 	    3.16E-04
198.0 	    3.01E-04
200.0 	    2.87E-04
202.0 	    2.75E-04
204.0 	    2.63E-04
206.0 	    2.52E-04
208.0 	    2.43E-04
210.0 	    2.34E-04
212.0 	    2.25E-04
214.0 	    2.18E-04
216.0 	    2.10E-04
218.0 	    2.03E-04
220.0 	    1.97E-04
222.0 	    1.90E-04
224.0 	    1.84E-04
226.0 	    1.79E-04
228.0 	    1.73E-04
230.0 	    1.68E-04
232.0 	    1.63E-04
234.0 	    1.58E-04
236.0 	    1.54E-04
238.0 	    1.49E-04
240.0 	    1.45E-04
242.0 	    1.41E-04
244.0 	    1.38E-04
246.0 	    1.34E-04
248.0 	    1.31E-04
250.0 	    1.27E-04
252.0 	    1.24E-04
254.0 	    1.21E-04
256.0 	    1.18E-04
258.0 	    1.15E-04
260.0 	    1.12E-04
262.0 	    1.10E-04
264.0 	    1.07E-04
266.0 	    1.05E-04
268.0 	    1.02E-04
270.0 	    1.00E-04
272.0 	    9.80E-05
274.0 	    9.58E-05
276.0 	    9.37E-05
278.0 	    9.17E-05
280.0 	    8.98E-05
282.0 	    8.79E-05
284.0 	    8.61E-05
286.0 	    8.43E-05
288.0 	    8.26E-05
290.0 	    8.09E-05
295.0 	    7.70E-05
300.0 	    7.33E-05
305.0 	    7.00E-05
310.0 	    6.69E-05
315.0 	    6.40E-05
320.0 	    6.11E-05
325.0 	    5.86E-05
330.0 	    5.63E-05
335.0 	    5.41E-05
340.0 	    5.20E-05
345.0 	    5.02E-05
350.0 	    4.77E-05
360.0 	    4.23E-05
370.0 	    3.78E-05
380.0 	    3.41E-05
390.0 	    3.10E-05
400.0 	    2.84E-05
410.0 	    2.62E-05
420.0 	    2.43E-05
430.0 	    2.27E-05
440.0 	    2.12E-05
450.0 	    2.00E-05
460.0 	    1.88E-05
470.0 	    1.78E-05
480.0 	    1.69E-05
490.0 	    1.61E-05
500.0 	    1.53E-05
510.0 	    1.46E-05
520.0 	    1.40E-05
530.0 	    1.34E-05
540.0 	    1.29E-05
550.0 	    1.23E-05
560.0 	    1.19E-05
570.0 	    1.14E-05
580.0 	    1.10E-05
590.0 	    1.06E-05
600.0 	    1.02E-05
610.0 	    9.87E-06
620.0 	    9.53E-06
630.0 	    9.22E-06
640.0 	    8.92E-06
650.0 	    8.63E-06
660.0 	    8.36E-06
670.0 	    8.10E-06
680.0 	    7.85E-06
690.0 	    7.61E-06
700.0 	    7.38E-06
710.0 	    7.16E-06
720.0 	    6.94E-06
730.0 	    6.74E-06
740.0 	    6.55E-06
750.0 	    6.36E-06
760.0 	    6.18E-06
770.0 	    6.01E-06
780.0 	    5.84E-06
790.0 	    5.67E-06
800.0 	    5.52E-06
810.0 	    5.37E-06
820.0 	    5.22E-06
830.0 	    5.08E-06
840.0 	    4.94E-06
850.0 	    4.80E-06
860.0 	    4.67E-06
870.0 	    4.55E-06
880.0 	    4.43E-06
890.0 	    4.31E-06
900.0 	    4.19E-06
910.0 	    4.08E-06
920.0 	    3.97E-06
930.0 	    3.87E-06
940.0 	    3.76E-06
950.0 	    3.66E-06
960.0 	    3.56E-06
970.0 	    3.47E-06
980.0 	    3.38E-06
990.0 	    3.28E-06
1.000.0     3.20E-06 
