90.0 2.07E-03
95.0 4.67E-03
100.0 1.09E-02
105.0 2.40E-02
110.0 4.77E-02
110.5 5.09E-02
111.0 5.40E-02
111.5 5.75E-02
112.0 6.10E-02
112.5 6.47E-02
113.0 6.87E-02
113.5 7.27E-02
114.0 7.70E-02
114.5 8.14E-02
115.0 8.60E-02
115.5 9.05E-02
116.0 9.55E-02
116.5 1.01E-01
117.0 1.06E-01
117.5 1.11E-01
118.0 1.17E-01
118.5 1.23E-01
119.0 1.29E-01
119.5 1.35E-01
120.0 1.41E-01
120.5 1.48E-01
121.0 1.55E-01
121.5 1.61E-01
122.0 1.69E-01
122.5 1.76E-01
123.0 1.83E-01
123.5 1.91E-01
124.0 1.98E-01
124.5 2.07E-01
125.0 2.15E-01
125.5 2.23E-01
126.0 2.31E-01
126.5 2.39E-01
127.0 2.48E-01
127.5 2.57E-01
128.0 2.66E-01
128.5 2.75E-01
129.0 2.84E-01
129.5 2.93E-01
130.0 3.03E-01
130.5 3.12E-01
131.0 3.22E-01
131.5 3.31E-01
132.0 3.41E-01
132.5 3.51E-01
133.0 3.61E-01
133.5 3.70E-01
134.0 3.80E-01
134.5 3.90E-01
135.0 4.00E-01
135.5 4.10E-01
136.0 4.20E-01
136.5 4.30E-01
137.0 4.41E-01
137.5 4.51E-01
138.0 4.61E-01
138.5 4.71E-01
139.0 4.81E-01
139.5 4.91E-01
140.0 5.01E-01
141.0 5.21E-01
142.0 5.41E-01
143.0 5.61E-01
144.0 5.80E-01
145.0 6.00E-01
146.0 6.19E-01
147.0 6.39E-01
148.0 6.58E-01
149.0 6.77E-01
150.0 6.96E-01
151.0 7.16E-01
152.0 7.35E-01
153.0 7.54E-01
154.0 7.74E-01
155.0 7.94E-01
156.0 8.15E-01
157.0 8.37E-01
158.0 8.60E-01
159.0 8.84E-01
160.0 9.08E-01
162.0 9.43E-01
164.0 9.57E-01
165.0 9.60E-01
166.0 9.62E-01
168.0 9.64E-01
170.0 9.64E-01
172.0 9.63E-01
174.0 9.60E-01
175.0 9.58E-01
176.0 9.55E-01
178.0 9.47E-01
180.0 9.32E-01
182.0 9.03E-01
184.0 8.62E-01
185.0 8.44E-01
186.0 8.28E-01
188.0 8.03E-01
190.0 7.86E-01
192.0 7.72E-01
194.0 7.61E-01
195.0 7.57E-01
196.0 7.53E-01
198.0 7.46E-01
200.0 7.41E-01
202.0 7.36E-01
204.0 7.32E-01
206.0 7.28E-01
208.0 7.25E-01
210.0 7.23E-01
212.0 7.20E-01
214.0 7.18E-01
216.0 7.17E-01
218.0 7.15E-01
220.0 7.14E-01
222.0 7.12E-01
224.0 7.11E-01
226.0 7.10E-01
228.0 7.09E-01
230.0 7.08E-01
232.0 7.07E-01
234.0 7.06E-01
236.0 7.06E-01
238.0 7.05E-01
240.0 7.04E-01
242.0 7.04E-01
244.0 7.03E-01
246.0 7.02E-01
248.0 7.02E-01
250.0 7.01E-01
252.0 7.01E-01
254.0 7.00E-01
256.0 7.00E-01
258.0 6.99E-01
260.0 6.99E-01
262.0 6.98E-01
264.0 6.98E-01
266.0 6.98E-01
268.0 6.97E-01
270.0 6.97E-01
272.0 6.96E-01
274.0 6.96E-01
276.0 6.96E-01
278.0 6.95E-01
280.0 6.95E-01
282.0 6.95E-01
284.0 6.94E-01
286.0 6.94E-01
288.0 6.93E-01
290.0 6.93E-01
295.0 6.92E-01
300.0 6.92E-01
305.0 6.91E-01
310.0 6.90E-01
315.0 6.90E-01
320.0 6.89E-01
325.0 6.88E-01
330.0 6.88E-01
335.0 6.87E-01
340.0 6.87E-01
345.0 6.85E-01
350.0 6.76E-01
360.0 6.51E-01
370.0 6.28E-01
380.0 6.09E-01
390.0 5.94E-01
400.0 5.82E-01
410.0 5.72E-01
420.0 5.65E-01
430.0 5.59E-01
440.0 5.55E-01
450.0 5.51E-01
460.0 5.49E-01
470.0 5.47E-01
480.0 5.46E-01
490.0 5.46E-01
500.0 5.46E-01
510.0 5.46E-01
520.0 5.47E-01
530.0 5.48E-01
540.0 5.49E-01
550.0 5.50E-01
560.0 5.52E-01
570.0 5.53E-01
580.0 5.55E-01
590.0 5.57E-01
600.0 5.58E-01
610.0 5.60E-01
620.0 5.62E-01
630.0 5.64E-01
640.0 5.66E-01
650.0 5.68E-01
660.0 5.70E-01
670.0 5.71E-01
680.0 5.73E-01
690.0 5.75E-01
700.0 5.77E-01
710.0 5.79E-01
720.0 5.81E-01
730.0 5.83E-01
740.0 5.84E-01
750.0 5.86E-01
760.0 5.88E-01
770.0 5.89E-01
780.0 5.91E-01
790.0 5.93E-01
800.0 5.94E-01
810.0 5.96E-01
820.0 5.98E-01
830.0 5.99E-01
840.0 6.01E-01
850.0 6.02E-01
860.0 6.04E-01
870.0 6.05E-01
880.0 6.06E-01
890.0 6.08E-01
900.0 6.09E-01
910.0 6.10E-01
920.0 6.12E-01
930.0 6.13E-01
940.0 6.14E-01
950.0 6.16E-01
960.0 6.17E-01
970.0 6.18E-01
980.0 6.19E-01
990.0 6.20E-01
1000.0 6.21E-01
